submit task 0
submit task 1
submit task 2
submit task 3
submit task 4
submit task 5
submit task 6
submit task 7
submit task 8
submit task 9
submit task 10
submit task 11
submit task 12
submit task 13
submit task 14
submit task 15
submit task 16
submit task 17
submit task 18
submit task 19
submit task 20
submit task 21
submit task 22
submit task 23
submit task 24
submit task 25
submit task 26
submit task 27
submit task 28
submit task 29
submit task 30
submit task 31
submit task 32
submit task 33
submit task 34
submit task 35
submit task 36
submit task 37
submit task 38
submit task 39
submit task 40
submit task 41
submit task 42
submit task 43
submit task 44
submit task 45
submit task 46
submit task 47
submit task 48
submit task 49
submit task 50
submit task 51
submit task 52
submit task 53
submit task 54
submit task 55
submit task 56
submit task 57
submit task 58
submit task 59
poll tasks
  10    0    0    0    0    0    0    0    0    0    0    0    0    0    0    0    0    0    0    0    0    0    0    0    0    0    0    0    0    0    0    0    0    0    0    0    0    0    0    0    0    0    0    0    0    0    0    0    0    0    0    0    0    0    0    0    0    0    0    0 
  10    6    4    0    0    0    0    0    0    0    0    0    0    0    0    0    0    0    0    0    0    0    0    0    0    0    0    0    0    0    0    0    0    0    0    0    0    0    0    0    0    0    0    0    0    0    0    0    0    0    0    0    0    0    0    0    0    0    0    0 
  10   10   10    0    0    0    0    0    0    0    0    0    0    0    0    0    0    0    0    0    0    0    0    0    0    0    0    0    0    0    0    0    0    0    0    0    0    0    0    0    0    0    0    0    0    0    0    0    0    0    0    0    0    0    0    0    0    0    0    0 
  10   10   10   10    0    0    0    0    0    0    0    0    0    0    0    0    0    0    0    0    0    0    0    0    0    0    0    0    0    0    0    0    0    0    0    0    0    0    0    0    0    0    0    0    0    0    0    0    0    0    0    0    0    0    0    0    0    0    0    0 
  10   10   10   10   10    0    0    0    0    0    0    0    0    0    0    0    0    0    0    0    0    0    0    0    0    0    0    0    0    0    0    0    0    0    0    0    0    0    0    0    0    0    0    0    0    0    0    0    0    0    0    0    0    0    0    0    0    0    0    0 
  10   10   10   10   10   10    0    0    0    0    0    0    0    0    0    0    0    0    0    0    0    0    0    0    0    0    0    0    0    0    0    0    0    0    0    0    0    0    0    0    0    0    0    0    0    0    0    0    0    0    0    0    0    0    0    0    0    0    0    0 
  10   10   10   10   10   10    6    4    0    0    0    0    0    0    0    0    0    0    0    0    0    0    0    0    0    0    0    0    0    0    0    0    0    0    0    0    0    0    0    0    0    0    0    0    0    0    0    0    0    0    0    0    0    0    0    0    0    0    0    0 
  10   10   10   10   10   10   10   10    0    0    0    0    0    0    0    0    0    0    0    0    0    0    0    0    0    0    0    0    0    0    0    0    0    0    0    0    0    0    0    0    0    0    0    0    0    0    0    0    0    0    0    0    0    0    0    0    0    0    0    0 
  10   10   10   10   10   10   10   10   10    0    0    0    0    0    0    0    0    0    0    0    0    0    0    0    0    0    0    0    0    0    0    0    0    0    0    0    0    0    0    0    0    0    0    0    0    0    0    0    0    0    0    0    0    0    0    0    0    0    0    0 
  10   10   10   10   10   10   10   10   10    8    2    0    0    0    0    0    0    0    0    0    0    0    0    0    0    0    0    0    0    0    0    0    0    0    0    0    0    0    0    0    0    0    0    0    0    0    0    0    0    0    0    0    0    0    0    0    0    0    0    0 
  10   10   10   10   10   10   10   10   10   10   10    0    0    0    0    0    0    0    0    0    0    0    0    0    0    0    0    0    0    0    0    0    0    0    0    0    0    0    0    0    0    0    0    0    0    0    0    0    0    0    0    0    0    0    0    0    0    0    0    0 
  10   10   10   10   10   10   10   10   10   10   10   10    0    0    0    0    0    0    0    0    0    0    0    0    0    0    0    0    0    0    0    0    0    0    0    0    0    0    0    0    0    0    0    0    0    0    0    0    0    0    0    0    0    0    0    0    0    0    0    0 
  10   10   10   10   10   10   10   10   10   10   10   10   10    0    0    0    0    0    0    0    0    0    0    0    0    0    0    0    0    0    0    0    0    0    0    0    0    0    0    0    0    0    0    0    0    0    0    0    0    0    0    0    0    0    0    0    0    0    0    0 
  10   10   10   10   10   10   10   10   10   10   10   10   10   10    0    0    0    0    0    0    0    0    0    0    0    0    0    0    0    0    0    0    0    0    0    0    0    0    0    0    0    0    0    0    0    0    0    0    0    0    0    0    0    0    0    0    0    0    0    0 
  10   10   10   10   10   10   10   10   10   10   10   10   10   10    8    2    0    0    0    0    0    0    0    0    0    0    0    0    0    0    0    0    0    0    0    0    0    0    0    0    0    0    0    0    0    0    0    0    0    0    0    0    0    0    0    0    0    0    0    0 
  10   10   10   10   10   10   10   10   10   10   10   10   10   10   10   10    0    0    0    0    0    0    0    0    0    0    0    0    0    0    0    0    0    0    0    0    0    0    0    0    0    0    0    0    0    0    0    0    0    0    0    0    0    0    0    0    0    0    0    0 
  10   10   10   10   10   10   10   10   10   10   10   10   10   10   10   10   10    0    0    0    0    0    0    0    0    0    0    0    0    0    0    0    0    0    0    0    0    0    0    0    0    0    0    0    0    0    0    0    0    0    0    0    0    0    0    0    0    0    0    0 
  10   10   10   10   10   10   10   10   10   10   10   10   10   10   10   10   10   10    0    0    0    0    0    0    0    0    0    0    0    0    0    0    0    0    0    0    0    0    0    0    0    0    0    0    0    0    0    0    0    0    0    0    0    0    0    0    0    0    0    0 
  10   10   10   10   10   10   10   10   10   10   10   10   10   10   10   10   10   10   10    0    0    0    0    0    0    0    0    0    0    0    0    0    0    0    0    0    0    0    0    0    0    0    0    0    0    0    0    0    0    0    0    0    0    0    0    0    0    0    0    0 
  10   10   10   10   10   10   10   10   10   10   10   10   10   10   10   10   10   10   10   10    0    0    0    0    0    0    0    0    0    0    0    0    0    0    0    0    0    0    0    0    0    0    0    0    0    0    0    0    0    0    0    0    0    0    0    0    0    0    0    0 
  10   10   10   10   10   10   10   10   10   10   10   10   10   10   10   10   10   10   10   10   10    0    0    0    0    0    0    0    0    0    0    0    0    0    0    0    0    0    0    0    0    0    0    0    0    0    0    0    0    0    0    0    0    0    0    0    0    0    0    0 
  10   10   10   10   10   10   10   10   10   10   10   10   10   10   10   10   10   10   10   10   10   10    0    0    0    0    0    0    0    0    0    0    0    0    0    0    0    0    0    0    0    0    0    0    0    0    0    0    0    0    0    0    0    0    0    0    0    0    0    0 
  10   10   10   10   10   10   10   10   10   10   10   10   10   10   10   10   10   10   10   10   10   10   10    0    0    0    0    0    0    0    0    0    0    0    0    0    0    0    0    0    0    0    0    0    0    0    0    0    0    0    0    0    0    0    0    0    0    0    0    0 
  10   10   10   10   10   10   10   10   10   10   10   10   10   10   10   10   10   10 Done Done   10   10   10    2    8    0    0    0    0    0    0    0    0    0    0    0    0    0    0    0    0    0    0    0    0    0    0    0    0    0    0    0    0    0    0    0    0    0    0    0 
  10   10   10   10   10   10   10   10   10   10   10   10   10   10   10   10   10   10 Done Done   10   10   10   10   10    0    0    0    0    0    0    0    0    0    0    0    0    0    0    0    0    0    0    0    0    0    0    0    0    0    0    0    0    0    0    0    0    0    0    0 
  10   10   10   10   10   10   10   10   10   10   10   10   10   10   10   10   10   10 Done Done   10   10   10   10   10   10    9    0    0    0    0    0    0    0    0    0    0    0    0    0    0    0    0    0    0    0    0    0    0    0    0    0    0    0    0    0    0    0    0    0 
  10   10   10   10   10   10   10   10   10   10   10   10   10   10   10   10   10   10 Done Done   10   10   10   10   10   10   10    3    0    0    0    0    0    0    0    0    0    0    0    0    0    0    0    0    0    0    0    0    0    0    0    0    0    0    0    0    0    0    0    0 
  10   10   10   10   10   10   10   10   10   10   10   10   10   10   10   10   10   10 Done Done   10   10   10   10   10   10   10   10    8    1    0    0    0    0    0    0    0    0    0    0    0    0    0    0    0    0    0    0    0    0    0    0    0    0    0    0    0    0    0    0 
  10   10   10   10   10   10   10   10   10   10   10   10   10   10   10   10   10   10 Done Done   10   10   10   10   10   10   10   10    9    5    0    0    0    0    0    0    0    0    0    0    0    0    0    0    0    0    0    0    0    0    0    0    0    0    0    0    0    0    0    0 
  10   10   10   10   10   10   10   10   10   10   10   10   10   10   10   10   10   10 Done Done   10   10   10   10   10   10   10   10   10   10    2    3    5    0    0    0    0    0    0    0    0    0    0    0    0    0    0    0    0    0    0    0    0    0    0    0    0    0    0    0 
  10   10   10   10   10   10   10   10   10   10   10   10   10   10   10   10   10   10 Done Done   10   10   10   10   10   10   10   10   10   10    4    8    8    0    0    0    0    0    0    0    0    0    0    0    0    0    0    0    0    0    0    0    0    0    0    0    0    0    0    0 
  10   10   10   10   10   10   10   10   10   10   10   10   10   10   10   10   10   10 Done Done   10   10   10   10   10   10   10   10   10   10    5    9    9    0    0    0    0    0    0    0    0    0    0    0    0    0    0    0    0    0    0    0    0    0    0    0    0    0    0    0 
  10   10   10   10   10   10   10   10   10   10   10   10   10   10   10   10   10   10 Done Done   10   10   10   10   10   10   10   10   10   10   10   10   10    8    0    0    0    0    0    0    0    0    0    0    0    0    0    0    0    0    0    0    0    0    0    0    0    0    0    0 
  10   10   10   10   10   10   10   10   10   10   10   10   10   10   10   10   10   10 Done Done   10   10   10   10   10   10   10   10   10   10   10   10   10   10   10    0    0    0    0    0    0    0    0    0    0    0    0    0    0    0    0    0    0    0    0    0    0    0    0    0 
  10   10   10   10   10   10   10   10   10   10   10   10   10   10   10   10   10   10 Done Done   10   10   10   10   10   10   10   10   10   10   10   10   10   10   10    3    0    0    0    0    0    0    0    0    0    0    0    0    0    0    0    0    0    0    0    0    0    0    0    0 
  10   10   10   10   10   10   10   10   10   10   10   10   10   10   10   10   10   10 Done Done   10   10   10   10   10   10   10   10   10   10   10   10   10   10   10   10    6    1    2    1    0    0    0    0    0    0    0    0    0    0    0    0    0    0    0    0    0    0    0    0 
  10   10   10   10   10   10   10   10   10   10   10   10   10   10   10   10   10   10 Done Done   10   10   10   10   10   10   10   10   10   10   10   10   10   10   10   10   10    4    3    2    0    0    0    0    0    0    0    0    0    0    0    0    0    0    0    0    0    0    0    0 
  10   10   10   10   10   10   10   10   10   10   10   10   10   10   10   10   10   10 Done Done   10   10   10   10   10   10   10   10   10   10   10   10   10   10   10   10   10    7    7    6    0    0    0    0    0    0    0    0    0    0    0    0    0    0    0    0    0    0    0    0 
  10   10   10   10   10   10   10   10   10   10   10   10   10   10   10   10   10   10 Done Done   10   10   10   10   10   10   10   10   10   10   10   10   10   10   10   10   10    9   10   10    1    0    0    0    0    0    0    0    0    0    0    0    0    0    0    0    0    0    0    0 
  10   10   10   10   10   10   10   10   10   10   10   10   10   10   10   10   10   10 Done Done   10   10   10   10   10   10   10   10   10   10   10   10   10   10   10   10   10   10   10   10    7    0    0    0    0    0    0    0    0    0    0    0    0    0    0    0    0    0    0    0 
  10   10   10   10   10   10   10   10   10   10   10   10   10   10   10   10   10   10 Done Done   10   10   10   10   10   10   10   10   10   10   10   10   10   10   10   10   10   10   10   10   10    9    1    0    0    0    0    0    0    0    0    0    0    0    0    0    0    0    0    0 
  10   10   10   10   10   10   10   10   10   10   10   10   10   10   10   10   10   10 Done Done   10   10   10   10   10   10   10   10   10   10   10   10   10   10   10   10   10   10   10   10   10   10    9    0    0    0    0    0    0    0    0    0    0    0    0    0    0    0    0    0 
  10   10   10   10   10   10   10   10   10   10   10   10   10   10   10   10   10   10 Done Done   10   10   10   10   10   10   10   10   10   10   10   10   10   10   10   10   10   10   10   10   10   10   10    6    0    0    0    0    0    0    0    0    0    0    0    0    0    0    0    0 
  10   10   10   10   10   10   10   10   10   10   10   10   10   10   10   10   10   10 Done Done   10   10   10   10   10   10   10   10   10   10   10   10   10   10   10   10   10   10   10   10   10   10   10   10   10    0    0    0    0    0    0    0    0    0    0    0    0    0    0    0 
  10   10   10   10   10   10   10   10   10   10   10   10   10   10   10   10   10   10 Done Done   10   10   10   10   10   10   10   10   10   10   10   10   10   10   10   10   10   10   10   10   10   10   10   10   10   10    0    0    0    0    0    0    0    0    0    0    0    0    0    0 
  10   10   10   10   10   10   10   10   10   10   10   10   10   10   10   10   10   10 Done Done   10   10   10   10   10   10   10   10   10   10   10   10   10   10   10   10   10   10   10   10   10   10   10   10   10   10   10    0    0    0    0    0    0    0    0    0    0    0    0    0 
  10   10   10   10   10   10   10   10   10   10   10   10   10   10   10   10   10   10 Done Done   10   10   10   10   10   10   10   10   10   10   10   10   10   10   10   10   10   10   10   10   10   10   10   10   10   10   10    7    3    0    0    0    0    0    0    0    0    0    0    0 
  10   10   10   10   10   10   10   10   10   10   10   10   10   10   10   10   10   10 Done Done   10   10   10   10   10   10   10   10   10   10   10   10   10   10   10   10   10   10   10   10   10   10   10   10   10   10   10   10   10    0    0    0    0    0    0    0    0    0    0    0 
  10   10   10   10   10   10   10   10   10   10   10   10   10   10   10   10   10   10 Done Done   10   10   10   10   10   10   10   10   10   10   10   10   10   10   10   10   10   10   10   10   10   10   10   10   10   10   10   10   10   10    0    0    0    0    0    0    0    0    0    0 
  10   10   10   10   10   10   10   10   10   10   10   10   10   10   10   10   10   10 Done Done   10   10   10   10   10   10   10   10   10   10   10   10   10   10   10   10   10   10   10   10   10   10   10   10   10   10   10   10   10   10   10    0    0    0    0    0    0    0    0    0 
  10   10   10   10   10   10   10   10   10   10   10   10   10   10   10   10   10   10 Done Done   10   10   10   10   10   10   10   10   10   10   10   10   10   10   10   10   10   10   10   10   10   10   10   10   10   10   10   10   10   10   10   10    0    0    0    0    0    0    0    0 
  10   10   10   10   10   10   10   10   10   10   10   10   10   10   10   10   10   10 Done Done   10   10   10   10   10   10   10   10   10   10   10   10   10   10   10   10   10   10   10   10   10   10   10   10   10   10   10   10   10   10   10   10   10    0    0    0    0    0    0    0 
  10   10   10   10   10   10   10   10   10   10   10   10   10   10   10   10   10   10 Done Done   10   10   10   10   10   10   10   10   10   10   10   10   10   10   10   10   10   10   10   10   10   10   10   10   10   10   10   10   10   10   10   10   10   10    0    0    0    0    0    0 
  10   10   10   10   10   10   10   10   10   10   10   10   10   10   10   10   10   10 Done Done   10   10   10   10   10   10   10   10   10   10   10   10   10   10   10   10   10   10   10   10   10   10   10   10   10   10   10   10   10   10   10   10   10   10    6    4    0    0    0    0 
  10   10   10   10   10   10   10   10   10   10   10   10   10   10   10   10   10   10 Done Done   10   10   10   10   10   10   10   10   10   10   10   10   10   10   10   10   10   10   10   10   10   10   10   10   10   10   10   10   10   10   10   10   10   10   10    9    1    0    0    0 
  10   10   10   10   10   10   10   10   10   10   10   10   10   10   10   10   10   10 Done Done   10   10   10   10   10   10   10   10   10   10   10   10   10   10   10   10   10   10   10   10   10   10   10   10   10   10   10   10   10   10   10   10   10   10   10   10   10    0    0    0 
  10   10   10   10   10   10   10   10   10   10   10   10   10   10   10   10   10   10 Done Done   10   10   10   10   10   10   10   10   10   10   10   10   10   10   10   10   10   10   10   10   10   10   10   10   10   10   10   10   10   10   10   10   10   10   10   10   10   10    0    0 
  10   10   10   10   10   10   10   10   10   10   10   10   10   10   10   10   10   10 Done Done   10   10   10   10   10   10   10   10   10   10   10   10   10   10   10   10   10   10   10   10   10   10   10   10   10   10   10   10   10   10   10   10   10   10   10   10   10   10   10    0 
  10   10   10   10   10   10   10   10   10   10   10   10   10   10   10   10   10   10 Done Done   10   10   10   10   10   10   10   10   10   10   10   10   10   10   10   10   10   10   10   10   10   10   10   10   10   10   10   10   10   10   10   10   10   10   10   10   10   10   10   10 
Done Done Done Done Done Done Done Done Done Done Done Done Done Done Done Done Done Done Done Done Done Done Done Done Done Done Done Done Done Done Done Done Done Done Done Done Done Done Done Done Done Done Done Done Done Done Done Done Done Done Done Done Done Done Done Done Done Done Done Done 

run with num threads: 10
SLEEP_TIME_MS: 1
NUM_TASKS: 60
NUM_INNER_ITERATIONS: 10
